415
6116
4153
3820
5175
7134
6742
3168
1293
6310
6699
819
2767
3763
7139
4555
5257
5526
4335
2421
759
2348
3105
7245
18
413
2675
808
1717
3345
480
6829
3192
387
297
6005
6221
3011
284
1419
6199
6682
6928
4517
3781
1202
701
5576
5223
5928
1952
672
5284
6458
2093
5115
3001
4923
6288
3542
466
2426
4397
1250
4930
4982
97
6461
1300
6814
3170
4487
5542
2550
3258
2814
1768
423
5804
3344
4941
5496
2500
5532
1972
2773
4575
5652
257
6805
5687
2530
727
1070
1613
5335
4297
4346
4139
2026
4819
1962
191
6011
4780
5885
3196
6471
2261
3767
6533
6243
1025
4889
2854
6462
625
3177
6923
4712
1148
2762
5501
4746
6435
6350
5662
4371
7202
6299
5528
5721
7084
5159
4783
4805
3463
3458
6981
1381
4528
6921
2212
6925
2663
4287
5611
1290
4677
5581
2596
6349
6642
1920
7224
1980
5500
6052
3684
4316
5089
2317
1865
4038
7476
1198
1422
734
4246
5088
6859
747
1708
2035
5950
998
118
649
3093
3385
